13 0.1015625 0.36796875 0.05546875 0.09765625
4 0.11171875 0.18359375 0.0984375 0.03515625
5 0.26875 0.1609375 0.053125 0.01328125
17 0.26875 0.17578125 0.0515625 0.01328125
12 0.27421875 0.1890625 0.0640625 0.0140625
9 0.29375 0.2046875 0.1046875 0.01328125
18 0.2671875 0.21953125 0.05234375 0.01640625
0 0.3578125 0.31171875 0.0546875 0.0296875
1 0.35859375 0.3484375 0.0546875 0.0296875
2 0.3578125 0.38359375 0.053125 0.028125
3 0.3578125 0.41796875 0.053125 0.028125
7 0.08671875 0.5296875 0.04609375 0.02734375
10 0.13828125 0.53046875 0.04609375 0.02578125
8 0.08671875 0.6703125 0.0453125 0.0296875
11 0.13828125 0.66953125 0.04609375 0.0265625
6 0.1171875 0.75078125 0.06484375 0.028125
14 0.1171875 0.8390625 0.0640625 0.02734375
16 0.1171875 0.925 0.06328125 0.028125
21 0.35859375 0.690625 0.053125 0.02734375
19 0.359375 0.753125 0.05390625 0.03125
20 0.359375 0.78828125 0.0546875 0.0296875