4 0.04453125 0.2875 0.0890625 0.053125
13 0.0640625 0.475 0.059375 0.090625
7 0.08515625 0.6421875 0.0546875 0.040625
10 0.13671875 0.6296875 0.0546875 0.0390625
8 0.1140625 0.78125 0.0515625 0.0375
11 0.16640625 0.76953125 0.0515625 0.0375
6 0.1625 0.85546875 0.0734375 0.0453125
21 0.39453125 0.7421875 0.0578125 0.040625
19 0.4078125 0.80390625 0.0609375 0.0390625
20 0.41640625 0.840625 0.0609375 0.040625
14 0.18125 0.9421875 0.0734375 0.0453125
0 0.3125 0.365625 0.0609375 0.0390625
1 0.32265625 0.4015625 0.0609375 0.0421875
2 0.328125 0.4359375 0.0609375 0.040625
3 0.33671875 0.4734375 0.0625 0.0421875
5 0.190625 0.2359375 0.053125 0.025
17 0.19453125 0.25 0.0578125 0.0234375
12 0.19765625 0.2640625 0.0546875 0.0234375
9 0.2234375 0.2734375 0.1015625 0.0359375
18 0.29453125 0.275 0.2390625 0.06875