4 0.07734375 0.228125 0.1015625 0.046875
13 0.08671875 0.40703125 0.0515625 0.0828125
0 0.340625 0.33046875 0.05625 0.034375
1 0.34453125 0.36484375 0.059375 0.0359375
2 0.3484375 0.40078125 0.059375 0.0375
3 0.35234375 0.4375 0.05625 0.0375
5 0.23671875 0.19140625 0.0578125 0.01875
17 0.240625 0.20390625 0.0640625 0.021875
12 0.2359375 0.21953125 0.0484375 0.0203125
9 0.26875 0.2296875 0.1125 0.0234375
18 0.23515625 0.2484375 0.046875 0.021875
7 0.0890625 0.575 0.0515625 0.0296875
10 0.14140625 0.56875 0.0515625 0.0359375
8 0.1046875 0.71328125 0.05 0.034375
11 0.15625 0.7109375 0.05 0.0359375
6 0.14296875 0.790625 0.071875 0.0375
14 0.153125 0.878125 0.0703125 0.0359375
16 0.1609375 0.965625 0.0703125 0.034375
21 0.38046875 0.70546875 0.05625 0.0328125
20 0.390625 0.803125 0.05625 0.0359375
19 0.3890625 0.76875 0.059375 0.0359375