13 0.63984375 0.0703125 0.078125 0.05
4 0.8234375 0.084375 0.034375 0.1171875
7 0.46171875 0.05625 0.0296875 0.05625
10 0.46328125 0.1171875 0.0296875 0.05625
8 0.31796875 0.05390625 0.03125 0.05625
11 0.31796875 0.1171875 0.0296875 0.05625
6 0.234375 0.09140625 0.028125 0.078125
14 0.1453125 0.09140625 0.028125 0.0796875
16 0.05625 0.09140625 0.028125 0.078125
21 0.296875 0.3859375 0.03125 0.065625
19 0.23359375 0.38671875 0.03125 0.0671875
20 0.196875 0.3859375 0.028125 0.065625
0 0.68671875 0.3859375 0.03125 0.06875
1 0.65 0.384375 0.03125 0.065625
2 0.61328125 0.38515625 0.034375 0.065625
3 0.5765625 0.384375 0.028125 0.0625
5 0.840625 0.27578125 0.0125 0.0625
17 0.82578125 0.27421875 0.015625 0.0625
12 0.81171875 0.28515625 0.0125 0.08125
9 0.79609375 0.3046875 0.015625 0.1203125
18 0.784375 0.27265625 0.015625 0.05625