13 0.6359375 0.10625 0.07421875 0.0484375
4 0.8125 0.1203125 0.0328125 0.1125
7 0.465625 0.09296875 0.02890625 0.0546875
10 0.4671875 0.1515625 0.028125 0.05390625
8 0.328125 0.09140625 0.03046875 0.0546875
11 0.32734375 0.1515625 0.028125 0.053125
6 0.24765625 0.1265625 0.02734375 0.07421875
14 0.16171875 0.12734375 0.028125 0.0765625
16 0.07734375 0.12734375 0.02734375 0.07421875
21 0.3078125 0.40859375 0.02890625 0.06328125
19 0.246875 0.409375 0.03125 0.06484375
20 0.21171875 0.409375 0.02734375 0.06328125
0 0.68125 0.40859375 0.0296875 0.065625
1 0.64609375 0.4078125 0.03125 0.0625
2 0.61015625 0.40859375 0.0328125 0.0625
3 0.57578125 0.4078125 0.02734375 0.06015625
5 0.82890625 0.303125 0.0125 0.0609375
17 0.81484375 0.30234375 0.01484375 0.06015625
12 0.80078125 0.3125 0.01328125 0.07734375
9 0.7859375 0.33125 0.0140625 0.115625
18 0.775 0.30078125 0.01484375 0.0546875