4 0.10859375 0.1859375 0.0984375 0.0375
13 0.09921875 0.3640625 0.04296875 0.0765625
0 0.35859375 0.31484375 0.053125 0.0296875
1 0.35859375 0.3484375 0.0546875 0.0296875
2 0.35859375 0.38515625 0.05625 0.0296875
3 0.35859375 0.421875 0.053125 0.03203125
5 0.2703125 0.1671875 0.05625 0.0125
17 0.27265625 0.17890625 0.0625 0.015625
12 0.26640625 0.19453125 0.046875 0.01484375
9 0.29765625 0.2078125 0.1109375 0.01328125
18 0.26328125 0.22265625 0.0453125 0.0171875
7 0.084375 0.53046875 0.04921875 0.02421875
10 0.13671875 0.53046875 0.04765625 0.03125
8 0.08515625 0.66875 0.046875 0.0296875
11 0.13671875 0.671875 0.04765625 0.03125
6 0.115625 0.74921875 0.06796875 0.03125
14 0.11640625 0.83671875 0.06640625 0.0296875
16 0.11484375 0.9234375 0.06640625 0.02890625
21 0.35859375 0.68984375 0.05390625 0.02734375
20 0.35859375 0.78671875 0.053125 0.03046875
19 0.3609375 0.75234375 0.05546875 0.02890625