4 0.1078125 0.19140625 0.09765625 0.03203125
13 0.096875 0.3734375 0.04140625 0.08046875
7 0.0828125 0.5359375 0.04765625 0.02890625
10 0.134375 0.53515625 0.04765625 0.02890625
8 0.0828125 0.6734375 0.04609375 0.02734375
11 0.134375 0.6734375 0.04609375 0.0265625
6 0.11328125 0.753125 0.06640625 0.03125
21 0.35625 0.69296875 0.0515625 0.02890625
19 0.35625 0.7546875 0.05546875 0.02734375
20 0.35703125 0.790625 0.0546875 0.02890625
14 0.11328125 0.83984375 0.065625 0.02890625
16 0.1125 0.92578125 0.0640625 0.0296875
0 0.3546875 0.31953125 0.053125 0.028125
1 0.35625 0.35546875 0.05546875 0.03046875
2 0.3546875 0.3890625 0.0546875 0.02890625
3 0.35546875 0.4265625 0.05546875 0.03125
5 0.26484375 0.171875 0.05 0.0140625
17 0.265625 0.18671875 0.05390625 0.0125
12 0.265625 0.2 0.0515625 0.0109375
9 0.28828125 0.2140625 0.09765625 0.015625
18 0.35546875 0.2296875 0.23359375 0.0171875