13 0.16015625 0.25 0.0828125 0.1125
4 0.22421875 0.07421875 0.10625 0.0625
5 0.38359375 0.0984375 0.0546875 0.0296875
17 0.37890625 0.1125 0.0546875 0.028125
12 0.38046875 0.12734375 0.0671875 0.0328125
9 0.3953125 0.1484375 0.1046875 0.04375
18 0.36484375 0.1546875 0.05625 0.03125
0 0.425 0.27109375 0.0625 0.0453125
1 0.415625 0.30703125 0.0625 0.046875
2 0.40390625 0.340625 0.059375 0.0421875
3 0.39375 0.37421875 0.0609375 0.0421875
7 0.096875 0.40234375 0.053125 0.040625
10 0.146875 0.41796875 0.053125 0.0390625
8 0.05546875 0.5390625 0.053125 0.0421875
11 0.10546875 0.553125 0.053125 0.0390625
6 0.06015625 0.6265625 0.0703125 0.0453125
14 0.03515625 0.7125 0.0703125 0.0453125
16 0.021875 0.79609375 0.04375 0.0453125
21 0.31328125 0.63984375 0.059375 0.0421875
19 0.29609375 0.7 0.0625 0.046875
20 0.28515625 0.734375 0.0625 0.046875